1        0      1      1      1      0      1      1      1
2        1      1      1      1      1      1      1      1
3        0      1      1      1      0      0      0      0
4        0      1      0      1      0      1      0      1
5        0      0      0      0      0      0      0      0
6        0      1      0      0      0      0      0      0
7        0      0      0      0      0      0      0      0
8        0      0      0      0      0      0      0      0
9        0      1      0      0      0      0      0      0
10       0      0      0      0      0      0      0      0
11       0      1      1      1      0      1      0      0
12       1      0      1      1      0      1      0      0
13       0      0      0      0      0      0      0      1
14       0      0      0      0      0      0      0      0
15       0      1      0      0      0      0      0      0
16       0      1      0      0      0      0      0      1
17       0      0      0      0      0      0      0      0
18       0      0      0      1      0      0      0      0
19       0      1      0      0      0      0      0      0
20       0      0      0      0      0      0      0      0
21       1      1      0      1      1      1      1      0
22       0      1      0      1      0      1      0      1
23       1      1      1      1      1      1      1      1
24       0      1      0      1      1      1      0      1
25       0      1      0      0      0      0      0      0
26       0      0      0      0      0      0      0      0
27       0      1      0      1      0      0      0      0
28       0      0      0      0      0      0      0      0
29       0      1      0      1      0      0      0      0
30       1      1      1      1      1      1      1      1
31       0      1      1      1      1      1      1      0
32       1      1      1      1      1      1      1      1
33       1      0      1      1      1      1      1      1
34       0      1      1      1      1      1      1      1
35       1      1      1      1      0      1      1      1
36       1      1      1      1      0      1      0      0
37       0      1      1      1      1      0      0      1
38       0      1      1      1      0      0      0      0
39       1      1      1      1      0      0      1      1
40       0      1      0      1      0      0      0      0
41       0      0      0      0      0      0      0      0
42       1      1      1      1      1      1      1      1
43       1      1      1      1      1      1      0      1
44       0      0      0      0      0      0      0      0
45       0      1      1      0      1      1      1      1
46       0      1      1      0      1      0      1      1
47       0      1      0      0      0      0      0      0
48       0      1      0      0      1      1      0      0
49       0      0      0      0      0      0      0      0
50       1      1      1      0      1      1      1      1
51       0      0      0      0      0      0      0      0
52       0      1      0      0      0      0      0      0
53       0      0      1      0      0      0      0      0
54       0      1      1      1      1      1      1      1
55       0      1      0      1      1      0      0      1
56       1      1      1      1      1      1      1      1
57       0      1      1      1      1      1      1      1
58       0      0      0      0      0      0      0      0
59       0      0      0      1      0      0      0      0
60       0      1      1      1      1      1      1      1
61       0      0      0      1      0      0      0      0
62       0      0      0      0      0      0      0      0
63       1      1      0      1      0      1      0      0
64       0      1      1      1      1      1      0      0
65       1      1      1      1      0      0      0      0
66       0      1      0      1      0      1      0      1
67       0      1      1      1      0      1      1      0
68       0      0      0      0      0      0      0      0
69       0      0      0      0      0      0      0      0
70       0      1      1      0      0      1      0      0
71       0      1      0      1      0      0      0      0
72       0      1      0      0      0      0      0      0
73       0      0      0      0      0      0      0      0
74       1      1      1      1      1      1      0      0
75       0      0      0      1      0      0      0      0
76       0      0      0      0      0      0      0      0
77       0      1      0      1      0      0      0      0
78       1      1      0      1      1      1      0      1
79       1      1      1      1      1      1      1      1
80       0      1      0      0      1      1      1      1
81       0      1      0      0      0      0      0      0
82       0      1      1      1      1      1      1      1
83       0      0      0      0      0      0      0      0
84       0      1      0      0      0      0      0      0
85       0      0      1      0      0      1      0      0
86       0      1      1      0      1      1      0      1
87       1      0      0      1      1      1      0      1
88       1      0      1      1      1      1      1      1
89       1      1      1      1      1      1      1      1
90       1      1      0      1      1      1      1      1
91       0      1      1      1      0      0      1      0
92       0      0      0      1      0      0      0      0
93       1      1      1      1      1      1      0      1
94       1      1      1      1      1      0      1      1
95       1      1      1      1      1      1      1      1
96       1      1      1      1      1      1      1      1
97       0      1      0      1      1      0      0      1
98       0      0      0      1      0      0      0      0
99       1      1      1      1      0      1      1      1
100      0      0      0      0      0      0      0      0
101      0      0      0      1      0      0      0      0
102      1      1      1      1      1      1      1      1
103      0      1      0      1      0      0      0      0
104      1      1      1      1      1      1      1      1
105      1      1      1      0      1      0      0      0
106      0      1      0      1      0      1      0      0
107      0      0      0      0      0      0      0      0
108      1      1      1      1      1      1      1      1
109      0      1      0      1      0      1      1      0
110      0      0      1      1      1      1      0      0
111      0      0      0      0      0      0      0      0
112      0      0      0      0      0      0      0      0
113      0      1      1      1      0      0      0      0
114      0      1      0      1      1      1      0      1
115      1      1      0      1      0      1      1      0
116      1      1      1      1      1      1      1      1
117      0      0      0      0      0      0      0      0
118      0      1      0      1      0      1      0      1
119      0      1      1      1      0      1      1      1
120      0      0      0      0      0      0      0      0
121      0      0      0      0      0      0      0      0
122      0      0      0      1      0      1      0      0
123      0      1      0      1      0      0      0      0
124      1      1      1      1      1      1      1      1
125      1      1      0      1      1      0      1      1
126      1      1      1      1      1      1      1      1
127      1      1      1      1      1      1      1      1
128      1      1      1      1      1      1      1      1
129      0      1      0      1      1      0      0      0
130      1      1      0      1      1      1      1      1
131      0      0      0      1      1      0      0      0
132      1      1      0      1      1      1      0      0
133      0      0      1      0      0      0      0      0
134      0      0      0      0      0      0      0      0
135      0      0      0      0      0      0      0      0
136      1      1      1      1      1      0      1      1
137      0      1      1      1      1      1      0      1
138      1      1      1      1      1      1      1      1
139      0      0      0      0      0      0      0      0
140      1      1      1      1      1      1      1      1
141      0      0      1      1      0      0      0      0
142      1      1      1      1      1      0      1      1
143      0      0      0      0      0      0      0      0
144      0      0      0      0      0      0      0      0
145      0      1      0      0      0      0      0      0
146      1      1      1      1      1      1      1      1
147      1      1      1      1      1      1      1      0
148      0      0      0      0      0      0      0      0
149      1      1      0      1      1      1      0      1
150      1      1      1      1      1      1      1      1
151      1      1      1      1      0      0      1      1
152      1      1      1      1      1      1      1      1
153      1      1      1      1      1      0      1      1
154      1      1      1      1      1      1      1      1
155      1      0      1      1      0      1      1      1
156      1      1      1      1      1      1      1      1
157      1      1      1      1      0      1      1      0
158      0      1      0      0      1      1      0      1
159      0      1      1      1      0      0      1      0
160      1      1      1      1      1      1      0      1
161      1      1      1      1      0      1      0      1
162      1      1      1      1      1      1      1      1
163      1      1      1      1      1      0      1      1
164      1      1      1      1      1      1      1      0
165      0      0      0      0      0      0      0      0
166      0      0      0      0      0      0      0      0
167      0      0      0      0      0      0      0      0
168      1      1      1      1      1      1      1      1
169      1      1      1      1      1      1      1      1
170      0      0      0      0      0      0      0      0
171      0      0      0      1      1      1      0      1
172      1      1      0      1      1      1      0      1
173      1      1      1      1      1      1      1      1
174      0      1      1      0      1      1      0      0
175      0      0      0      1      0      0      0      0
176      0      1      0      1      0      1      0      1
177      0      1      0      1      1      1      0      1
178      0      1      0      0      0      0      0      0
179      1      1      0      1      1      1      0      0
180      0      1      1      1      1      1      1      1
181      0      0      0      0      0      0      0      0
182      0      1      0      1      1      1      0      0
183      0      1      0      1      1      0      0      0
184      1      1      1      1      1      1      1      1
185      1      1      1      1      1      1      1      1
186      1      1      1      1      1      1      1      0
187      0      0      0      0      0      0      0      0
188      0      1      0      0      0      0      0      0
189      1      1      1      1      1      1      1      1
190      1      1      1      1      1      1      1      1
191      1      1      1      0      1      0      1      1
192      0      1      1      1      1      1      1      1
193      1      1      1      1      1      1      1      1
194      0      0      0      1      1      1      0      1
195      0      0      0      1      0      0      0      0
196      0      1      1      1      1      1      1      1
197      1      1      0      1      1      1      1      1
198      1      1      1      1      1      1      1      1
199      1      1      1      1      1      1      1      1
200      0      0      1      0      0      0      0      0
201      1      1      1      1      1      1      1      1
202      1      1      1      1      1      0      1      1
203      0      1      1      1      0      0      1      1
204      1      1      1      1      1      1      1      1
205      0      1      0      1      1      1      0      0
206      0      1      1      1      1      1      0      1
207      1      1      1      1      0      1      0      1
208      0      0      0      0      0      0      0      0
209      0      1      1      0      1      1      1      1
210      1      1      1      1      1      1      1      1
211      0      1      0      1      0      0      0      0
212      0      1      1      1      0      0      1      0
213      1      1      1      1      1      1      1      1
214      1      1      1      1      1      1      1      1
215      0      0      0      0      0      0      0      0
216      1      1      1      1      1      1      1      1
217      0      0      0      0      0      0      0      0
218      0      1      1      1      1      1      1      1
219      1      1      1      0      0      0      0      0
220      0      1      0      0      1      0      1      1
221      0      1      1      1      1      1      0      0
222      0      1      1      1      1      1      0      0
223      1      1      1      1      1      1      1      1
224      0      0      0      0      0      0      0      0
225      1      1      0      1      1      1      0      1
226      0      0      0      1      0      0      0      0
227      0      0      0      0      0      0      0      0
228      0      0      0      0      0      1      0      0
229      1      1      1      1      1      1      1      1
230      0      1      0      0      1      1      0      0
231      0      0      0      0      0      0      0      0
232      0      1      0      1      0      1      0      0
233      0      1      0      1      0      0      0      0
234      1      1      1      1      1      1      1      1
235      0      0      0      0      0      0      0      0
236      0      0      0      0      0      0      0      0
237      0      0      1      1      0      0      0      0
238      1      1      1      1      1      1      1      1
239      0      1      0      0      1      1      0      1
240      0      0      0      0      0      0      0      0
241      1      1      1      1      1      1      0      1
242      1      1      0      1      1      1      0      0
243      0      1      0      1      1      1      0      1
244      0      1      0      1      0      0      0      0
245      1      1      1      1      1      1      1      1
246      0      0      0      0      0      0      0      0
247      1      1      1      1      1      1      1      1
248      1      1      1      1      1      0      0      1
249      0      0      0      0      0      0      0      0
250      0      0      0      1      0      0      0      0
251      0      0      0      0      0      0      0      0
252      0      1      1      1      0      0      1      0
253      0      0      1      0      0      0      0      0
254      1      0      1      1      1      1      1      1
255      0      1      0      1      0      1      0      0
256      1      1      0      1      0      1      1      1
257      1      1      1      1      1      1      1      1
258      1      1      1      0      1      1      1      1
259      0      1      0      0      1      1      0      1
260      0      1      1      1      1      1      0      1
261      0      1      0      0      0      0      0      0
262      1      1      1      1      1      0      1      1
263      0      1      0      1      0      1      0      0
264      0      0      0      0      0      0      0      0
265      0      0      0      1      1      0      0      0
266      0      1      1      1      1      1      0      1
267      0      1      1      1      1      1      1      1
268      0      0      0      1      1      0      0      0
269      1      1      0      1      0      1      1      0
270      0      1      1      1      1      1      1      1
271      0      1      0      1      0      0      0      0
272      1      1      0      1      0      1      0      1
273      1      1      1      1      1      1      1      0
274      0      0      0      0      0      0      0      0
275      1      1      1      1      1      1      1      1
276      0      1      1      1      0      0      0      0
277      1      1      1      1      1      1      0      0
278      1      1      1      1      1      1      1      1
279      0      1      1      1      1      1      1      1
280      1      1      1      1      1      1      1      1
281      1      1      1      1      1      1      0      1
282      1      1      1      1      1      1      1      1
283      0      1      1      1      0      1      1      1
284      1      1      1      1      1      0      1      1
285      1      1      1      0      1      0      1      1
286      0      0      0      0      0      0      0      0
287      0      1      1      1      1      1      1      0
288      1      1      1      1      1      1      0      1
289      1      1      0      1      1      1      0      1
290      1      1      1      1      1      1      1      1
291      0      0      0      0      0      0      0      0
292      0      1      0      1      0      0      0      0
293      0      1      1      1      1      0      0      0
294      0      1      0      1      0      0      0      0
295      1      1      1      1      1      1      1      1
296      0      0      0      0      0      0      0      0
297      0      0      0      0      0      0      0      0
298      0      1      1      1      1      1      1      1
299      0      0      0      0      0      0      0      0
300      0      1      1      1      1      1      1      1
301      0      1      1      1      1      1      1      1
302      1      1      0      1      1      1      1      1
303      1      1      0      1      0      1      0      0
304      0      0      0      0      0      0      0      0
305      1      1      1      1      1      0      1      1
306      1      1      1      1      1      0      0      1
307      0      1      0      0      0      0      0      0
308      0      1      0      0      0      1      0      0
309      0      0      0      0      0      0      0      0
310      0      1      0      0      0      1      0      0
311      0      1      1      1      0      0      0      0
312      0      0      0      0      0      0      0      0
313      1      1      1      1      1      1      0      0
314      0      1      0      1      0      0      0      0
315      0      1      1      1      1      1      1      1
316      0      1      0      0      0      0      0      0
317      0      1      0      1      1      0      0      0
318      0      1      1      1      1      1      1      0
319      0      1      1      0      1      1      1      1
320      0      1      0      1      0      0      0      0
321      0      0      0      1      0      0      0      0
322      1      1      1      1      1      1      1      1
323      0      1      1      1      1      1      1      1
324      1      1      1      1      1      1      0      1
325      1      1      1      1      1      1      0      1
326      0      1      0      1      0      1      0      0
327      0      0      0      0      0      0      0      0
328      0      1      1      0      1      1      0      1
329      0      1      1      0      0      1      0      0
330      0      1      0      0      0      0      0      0
331      0      1      0      1      0      1      0      0
332      0      1      1      0      0      1      0      0
333      0      1      0      1      0      0      0      0
334      0      0      0      0      0      0      0      0
335      0      1      0      1      1      1      1      1
336      0      1      0      1      1      1      0      0
337      0      1      0      0      0      0      0      0
338      0      1      0      0      0      0      0      0
339      0      1      0      1      0      1      0      0
340      0      1      1      1      1      1      1      1
341      0      1      1      1      1      1      1      1
342      0      0      0      0      0      0      0      0
343      0      0      0      0      0      0      0      0
344      0      1      1      1      1      1      1      1
345      0      0      0      0      0      0      0      0
346      0      1      1      1      1      1      1      1
347      0      0      0      0      0      0      0      0
348      0      1      1      1      0      1      0      0
349      0      1      0      1      0      0      0      0
350      0      1      1      1      1      1      1      0
351      1      1      1      1      1      1      1      1
352      0      1      0      1      0      0      0      0
353      0      0      0      0      0      0      0      0
354      0      1      1      1      1      1      1      1
355      0      1      0      1      0      0      0      0
356      0      1      1      1      1      0      1      1
357      0      1      0      0      0      1      0      0
358      1      1      1      1      1      1      1      1
359      1      1      1      1      1      0      1      1
360      0      1      0      1      0      1      0      0
361      1      1      1      1      1      0      1      0
362      0      1      1      1      0      0      1      0
363      1      1      1      1      1      1      0      1
364      0      0      0      1      0      0      0      0
365      0      1      1      1      1      1      1      1
366      0      1      1      1      1      1      0      0
367      0      1      0      1      0      0      0      0
368      1      1      1      1      1      0      1      0
369      1      1      1      1      1      1      1      0
370      0      1      1      1      1      1      1      1
371      0      0      0      1      0      0      0      0
372      0      1      0      1      0      0      0      0
373      0      1      0      1      0      1      0      0
374      1      1      1      1      1      0      0      1
375      0      1      1      1      1      1      0      1
376      1      1      1      1      1      1      0      1
377      0      1      0      1      0      0      0      0
378      0      1      0      1      0      1      0      0
379      0      1      1      1      0      1      0      0
380      0      1      0      1      0      0      0      0
381      0      1      0      1      0      0      0      0
382      0      1      0      1      0      0      0      0
383      0      1      1      1      1      1      1      1
384      1      1      1      1      1      1      0      0
385      1      1      1      1      1      1      1      1
386      0      1      0      1      0      0      0      0
387      0      1      0      1      0      0      0      0
388      0      1      0      1      0      0      0      0
389      0      1      1      1      1      1      1      1
390      0      1      0      1      0      1      0      0
391      0      1      0      1      0      0      0      0
392      0      1      0      1      0      0      0      0
393      0      1      0      1      0      0      0      0
394      1      1      1      1      1      1      1      1
395      0      0      0      0      0      0      0      0
396      1      1      1      1      1      1      1      1
397      0      0      0      0      0      0      0      0
398      0      1      0      1      0      0      0      0
399      0      0      0      0      0      0      0      0
400      1      1      1      1      1      1      1      1
401      0      1      1      1      0      0      0      0
402      1      1      0      1      0      1      0      1
403      1      1      0      1      1      1      1      1
404      0      1      1      1      0      0      0      0
405      1      1      0      1      1      1      0      1
406      0      0      0      0      0      0      0      0
407      0      1      1      1      0      0      0      0
408      0      0      0      0      0      0      0      0
409      1      1      1      1      1      0      1      0
410      1      1      1      1      1      1      1      1
411      0      1      0      1      0      0      0      0
412      0      1      0      1      0      0      0      0
413      1      1      1      1      1      1      1      1
414      0      1      0      1      0      0      0      0
415      0      0      0      0      0      0      0      0
416      0      1      0      1      1      0      0      0
417      0      1      0      1      0      0      0      0
418      0      1      0      1      0      0      0      0
419      0      1      0      1      0      0      0      0
420      0      1      0      1      0      0      0      0
421      0      0      0      0      0      0      0      0
422      1      1      1      1      1      1      1      0
423      0      0      0      0      0      0      0      0
424      0      1      0      1      0      0      0      0
425      0      1      0      1      0      0      0      0
426      0      0      0      0      0      0      0      0
427      0      1      0      1      0      0      0      0
428      1      1      0      1      1      1      0      1
429      0      1      1      1      1      1      0      1
430      0      1      0      1      0      0      0      0
431      1      1      1      1      1      1      1      1
432      0      1      1      1      1      1      0      1
433      0      1      1      1      1      1      0      1
434      1      1      1      1      1      1      0      1
435      0      0      0      0      0      0      0      0
436      0      0      0      0      0      0      0      0
437      0      1      0      1      0      0      0      0
438      0      1      1      1      0      0      0      0
439      1      1      1      1      1      0      0      1
440      0      1      1      1      1      1      0      1
441      0      0      0      0      0      0      0      0
442      0      0      0      0      0      0      0      0
443      0      1      0      1      1      1      1      1
444      0      1      1      1      0      1      0      0
445      1      1      1      1      1      1      1      1
446      0      0      0      0      0      0      0      0
447      1      1      0      1      0      1      0      1
448      1      1      1      1      0      1      0      0
449      0      0      0      1      0      0      0      0
450      0      1      0      1      0      0      0      0
451      0      0      0      1      0      0      0      0
452      0      1      0      1      0      0      0      0
453      1      1      1      1      1      0      1      1
454      0      0      0      0      0      0      0      0
455      0      1      1      1      1      0      0      0
456      0      1      1      1      1      0      1      1
457      0      1      0      1      0      1      0      0
458      0      1      1      1      1      1      1      1
459      0      1      1      1      1      0      1      1
460      0      1      1      1      0      0      0      0
461      0      1      1      1      0      1      0      0
462      0      1      0      0      0      0      0      0
463      0      0      0      1      0      0      0      0
464      1      1      1      1      0      1      0      1
465      0      1      0      1      0      1      0      0
466      0      1      1      1      1      1      0      1
467      0      1      0      1      0      0      0      0
468      0      1      1      1      1      1      1      1
469      0      1      1      1      0      1      0      0
470      0      1      0      1      1      0      0      1
471      0      1      1      1      0      1      0      0
472      0      1      1      1      1      1      0      1
473      0      1      1      1      1      1      1      1
474      0      1      1      1      1      1      1      1
475      0      0      0      0      0      0      0      0
476      1      1      1      1      1      1      0      1
477      0      1      1      1      0      0      0      0
478      0      1      1      1      1      1      0      1
479      0      1      0      1      0      0      0      0
480      1      1      1      1      1      1      0      1
481      0      1      1      1      1      1      0      1
482      0      1      0      0      0      0      0      0
483      0      1      0      1      0      0      0      0
484      0      1      0      1      0      0      0      0
485      0      1      0      1      0      0      0      0
486      0      1      0      1      1      1      0      0
487      0      1      0      1      1      1      0      1
488      0      1      0      1      0      0      0      0
489      1      1      1      1      1      1      0      0
490      0      0      0      1      0      0      0      0
491      0      0      0      0      0      0      0      0
492      0      1      0      1      0      0      0      0
493      0      0      0      0      0      0      0      0
494      0      0      1      1      1      1      1      1
495      0      0      0      0      0      0      0      0
496      0      1      1      1      1      1      0      0
497      0      0      0      0      0      0      0      0
498      0      0      0      0      0      0      0      0
499      0      0      0      0      0      0      0      0
500      0      0      0      1      0      0      0      0
501      0      1      1      1      0      0      0      0
502      0      1      0      0      0      0      0      0
503      0      0      0      0      0      0      0      0
504      0      1      0      1      0      0      0      0
505      0      0      0      0      0      0      0      0
506      0      0      0      0      0      0      0      0
507      0      1      0      1      0      0      0      0
508      0      1      0      1      0      0      0      0
509      0      0      0      0      0      0      0      0
510      0      0      0      0      0      0      0      0
511      0      1      0      1      0      0      0      0
512      0      1      0      1      0      0      0      0
513      0      1      1      1      0      0      0      1
514      0      1      0      1      0      0      0      0
515      0      1      0      1      0      0      0      0
516      0      1      0      1      0      0      0      0
517      0      0      0      0      0      0      0      0
518      0      1      0      1      0      0      0      0
519      0      0      0      0      0      0      0      0
520      0      1      0      1      0      1      0      0
521      0      0      0      0      0      0      0      0
522      0      0      0      0      0      0      0      0
523      0      0      0      1      0      0      0      0
524      0      0      0      0      0      0      0      0
525      0      0      0      0      0      0      0      0
526      0      0      0      0      0      0      0      0
527      0      1      1      1      0      0      0      0
528      0      1      1      1      0      0      0      0
529      0      1      0      0      0      0      0      0
530      0      0      1      0      0      0      0      0
531      0      0      0      0      0      0      0      0
532      0      0      0      0      0      0      0      0
533      1      1      0      1      1      1      0      0
534      0      0      0      0      0      0      0      0
535      1      1      1      1      0      1      0      0
536      0      1      1      1      0      0      0      0
