1       0     0     0     1     0     0     1     1     0      1      1      1
2       0     1     1     1     0     1     1     1     1      1      1      1
3       0     1     1     1     0     1     1     1     0      0      0      0
4       1     1     1     1     1     1     0     1     0      1      1      1
5       0     0     0     1     0     1     0     1     0      0      0      1
6       0     0     0     0     0     1     0     1     1      0      0      0
7       0     0     0     0     0     0     0     1     1      0      0      0
8       0     0     0     1     0     0     0     1     0      0      0      0
9       0     0     0     0     0     0     0     0     1      0      0      1
10      0     0     0     0     1     0     0     1     1      0      0      1
11      1     1     1     0     1     1     1     1     1      0      0      1
12      1     1     1     1     1     1     0     1     1      1      1      1
13      1     0     0     0     1     1     0     1     0      0      0      1
14      0     0     0     1     0     0     0     1     0      0      0      1
15      0     0     0     0     0     1     0     0     1      0      0      0
16      0     0     0     0     0     1     0     0     0      0      0      1
17      0     1     0     1     0     1     0     1     0      0      0      0
18      0     0     0     0     1     0     0     0     0      0      0      1
19      0     0     0     0     0     1     0     0     1      0      0      1
20      0     0     0     0     0     0     0     1     0      0      0      0
21      1     1     1     1     1     1     1     1     1      0      1      1
22      1     1     1     1     1     1     0     1     0      1      1      1
23      1     1     1     1     1     1     1     1     1      1      1      1
24      0     0     0     0     0     1     0     0     0      1      1      0
25      1     1     1     1     1     1     0     1     1      1      1      1
26      0     0     0     0     0     0     0     0     1      0      0      0
27      0     0     0     0     1     1     0     0     0      0      0      0
28      0     0     0     0     0     0     0     0     0      0      0      0
29      0     0     0     0     0     1     0     1     1      0      0      0
30      1     1     1     1     1     1     1     1     1      1      1      1
31      1     0     0     1     1     1     1     1     1      0      1      1
32      1     1     1     1     1     1     1     1     1      1      1      1
33      1     1     1     1     1     1     1     1     0      1      1      1
34      0     0     0     1     0     1     1     1     1      1      0      1
35      1     1     1     1     1     1     0     1     0      1      1      1
36      1     1     1     0     1     1     0     0     1      1      0      0
37      0     0     0     1     0     0     0     1     0      0      0      1
38      1     1     1     1     1     1     1     1     0      0      0      0
39      1     1     1     1     1     1     1     1     1      1      1      1
40      0     0     0     0     1     0     0     0     1      0      0      1
41      0     0     0     0     0     0     0     0     1      0      0      0
42      1     1     1     1     1     1     1     1     1      1      1      1
43      1     1     1     1     1     1     1     1     1      1      1      1
44      0     0     0     0     0     1     0     0     0      0      0      1
45      1     1     1     1     0     1     1     1     1      1      1      1
46      1     1     0     1     0     1     0     1     1      1      1      1
47      0     0     0     0     0     1     0     0     1      0      0      1
48      0     0     0     0     0     1     0     0     0      0      1      1
49      0     0     0     0     1     0     0     0     1      0      0      0
50      0     0     0     1     0     1     1     1     1      0      1      1
51      0     0     0     0     1     0     0     0     0      0      0      0
52      1     1     1     0     0     1     0     0     1      0      0      0
53      0     1     0     0     0     1     0     1     0      0      0      1
54      0     1     1     1     1     1     1     1     1      1      1      1
55      0     0     0     1     0     1     0     1     1      0      1      1
56      1     1     1     1     1     1     1     1     1      1      1      1
57      1     1     1     1     1     1     1     1     1      1      1      1
58      0     0     0     0     0     0     0     0     1      0      0      0
59      0     0     0     0     1     1     0     0     1      0      0      1
60      1     1     1     0     0     1     0     0     0      1      1      1
61      0     0     0     0     0     1     0     1     0      0      0      0
62      0     0     0     0     1     0     0     0     0      0      0      0
63      1     1     1     0     1     1     1     1     1      0      1      1
64      1     1     1     1     1     1     1     1     1      1      1      1
65      1     1     1     1     1     1     0     1     1      0      0      1
66      0     0     0     1     0     0     0     1     0      1      1      1
67      1     1     1     0     1     1     1     0     1      0      0      1
68      0     0     0     0     0     0     0     0     1      0      0      0
69      0     0     0     0     0     0     0     0     0      0      0      0
70      0     0     0     0     0     0     1     1     0      0      0      1
71      0     0     0     0     1     1     0     0     1      0      0      0
72      0     0     0     0     1     1     0     1     1      0      0      0
73      0     0     0     0     0     0     0     1     0      0      0      0
74      1     1     1     0     1     1     0     0     1      1      1      1
75      0     0     0     0     0     1     0     1     0      0      0      1
76      0     0     0     0     0     0     0     0     0      0      0      0
77      0     1     0     0     1     1     0     1     1      0      0      0
78      1     1     1     0     0     1     0     1     0      1      1      1
79      1     1     1     1     1     1     1     1     1      1      1      1
80      0     0     0     1     1     1     1     1     1      1      1      1
81      0     0     0     1     0     0     0     1     0      0      0      1
82      1     1     1     1     0     1     1     1     1      0      1      0
83      0     0     0     0     0     0     0     0     1      0      0      0
84      1     1     1     0     0     1     0     0     0      0      0      1
85      1     1     1     0     1     1     0     1     1      0      0      1
86      1     1     0     1     0     1     1     1     0      0      1      1
87      1     1     0     1     1     1     0     1     1      1      1      1
88      1     0     1     1     1     1     1     1     1      1      1      1
89      1     1     1     1     1     1     1     1     1      1      1      1
90      1     1     1     1     1     1     1     1     0      1      1      1
91      1     1     1     1     0     1     1     1     1      0      0      1
92      0     0     0     0     0     0     0     1     0      0      0      1
93      1     1     1     1     1     1     1     1     0      1      1      1
94      1     1     1     1     1     1     1     1     1      1      1      1
95      1     1     1     1     1     1     1     1     1      1      1      1
96      0     1     1     1     0     1     1     1     1      1      1      1
97      0     0     0     0     1     1     0     1     0      0      1      1
98      0     0     0     0     0     0     0     0     1      0      0      1
99      1     1     1     1     1     1     1     1     0      1      1      1
100     0     0     0     1     0     1     0     1     0      0      0      0
101     1     0     0     0     1     1     0     0     1      0      0      0
102     1     1     1     0     1     1     1     1     1      1      1      1
103     0     0     0     0     1     1     0     0     1      0      0      0
104     0     1     1     1     1     1     1     1     1      1      1      1
105     0     1     1     1     1     1     1     1     1      1      1      1
106     1     1     0     0     1     1     0     0     1      0      0      1
107     1     1     1     1     0     1     0     1     0      0      0      0
108     1     1     1     1     1     1     1     1     1      1      1      1
109     1     1     1     0     1     1     0     1     1      0      0      1
110     1     1     1     1     1     1     0     1     0      1      1      1
111     0     0     0     0     0     1     0     1     0      0      0      1
112     0     0     0     0     0     0     0     0     0      0      0      0
113     1     0     0     0     1     1     1     1     0      1      0      1
114     0     0     0     0     0     1     0     0     0      1      1      1
115     1     1     0     1     1     1     1     1     0      1      0      0
116     0     1     1     1     1     1     1     1     1      1      1      1
117     0     0     0     0     0     0     0     0     1      0      0      0
118     0     0     0     1     0     1     0     1     0      0      1      1
119     0     0     0     1     0     1     1     1     1      1      1      1
120     0     0     0     0     0     0     0     0     0      0      0      0
121     0     0     0     1     1     0     0     1     0      0      0      0
122     0     0     0     0     0     1     0     0     1      0      0      1
123     0     0     0     0     0     1     0     0     0      0      0      0
124     1     1     1     1     1     1     1     1     1      1      1      1
125     1     1     1     0     1     1     0     0     0      1      1      1
126     1     1     0     1     1     1     0     1     0      1      1      1
127     1     1     1     1     1     1     0     1     1      1      1      1
128     0     0     0     1     1     1     1     1     1      1      1      1
129     0     0     0     1     0     1     0     1     0      1      1      1
130     1     1     1     1     1     0     1     1     1      1      1      1
131     0     0     0     0     0     1     0     0     0      0      0      1
132     0     1     0     1     1     1     0     1     1      1      1      1
133     0     0     0     0     1     1     1     1     1      0      0      1
134     0     0     0     0     0     0     0     1     0      0      0      0
135     0     0     0     0     1     0     0     1     0      0      0      0
136     1     1     1     1     1     1     1     1     1      1      1      1
137     0     1     1     0     0     1     0     1     0      0      1      0
138     1     1     1     1     1     1     1     1     1      0      1      1
139     0     0     0     0     1     0     0     0     1      0      0      0
140     1     1     1     1     1     1     1     1     1      1      0      1
141     1     1     1     1     1     1     1     1     1      0      1      1
142     1     1     0     1     1     1     1     1     1      1      1      1
143     0     0     0     0     0     1     0     1     0      0      0      1
144     0     0     0     0     1     1     0     1     0      0      1      0
145     0     0     0     0     0     1     0     0     0      0      1      1
146     0     1     1     1     1     1     0     1     0      1      0      1
147     1     1     1     1     1     1     1     1     0      1      1      1
148     0     0     0     0     0     0     0     0     0      0      0      0
149     0     1     1     1     1     1     0     1     1      1      0      1
150     1     1     1     1     1     1     1     1     1      1      1      1
151     1     1     1     1     1     1     1     1     0      1      1      1
152     1     0     1     1     1     1     1     1     1      1      1      1
153     1     1     0     0     1     1     1     1     1      1      1      1
154     1     1     1     0     1     1     1     1     1      1      1      0
155     0     1     1     1     1     1     1     1     1      1      1      1
156     1     1     1     1     1     1     1     1     0      0      1      1
157     0     1     1     1     1     1     1     1     1      1      1      1
158     0     0     0     1     0     1     0     0     0      1      1      1
159     0     1     1     1     0     1     1     1     1      0      0      1
160     1     1     1     1     1     1     1     1     1      0      1      1
161     1     1     1     1     1     1     0     1     1      1      1      1
162     1     1     1     1     0     0     1     1     1      1      1      1
163     1     1     1     1     1     1     1     1     1      1      1      1
164     1     1     1     1     1     1     1     1     1      1      1      1
165     0     0     0     0     0     0     0     0     0      0      0      0
166     0     0     0     0     1     0     0     0     1      0      0      0
167     0     0     0     0     0     0     0     0     1      0      0      1
168     1     1     1     1     1     1     1     1     1      1      1      1
169     1     1     1     1     1     0     1     0     1      1      1      1
170     0     0     0     0     0     0     0     0     0      0      0      0
171     0     0     0     0     0     0     0     0     0      0      0      1
172     0     1     1     1     1     1     0     1     1      1      1      1
173     1     1     1     1     1     1     1     1     1      1      1      1
174     0     0     0     1     0     1     1     1     1      0      0      1
175     0     0     0     0     1     1     0     0     1      0      1      1
176     0     0     0     1     0     1     0     1     0      0      1      1
177     0     1     1     1     0     1     0     1     0      0      1      1
178     0     1     1     0     1     1     0     0     0      0      0      0
179     0     1     1     1     1     1     0     1     1      1      1      1
180     1     1     0     1     1     1     1     1     1      1      1      1
181     0     0     0     1     0     0     0     1     0      0      0      0
182     1     1     1     1     1     1     0     1     1      0      1      1
183     1     1     1     1     0     1     1     1     1      0      1      0
184     1     1     1     0     1     1     1     1     1      1      1      1
185     1     1     1     1     1     1     0     1     1      1      1      1
186     1     1     1     1     1     1     1     1     1      0      1      1
187     1     1     0     0     1     1     0     0     1      0      0      0
188     0     0     0     0     0     1     0     1     0      0      1      1
189     1     1     1     1     1     1     1     1     1      1      1      1
190     1     1     1     1     1     1     1     1     1      1      1      1
191     1     1     1     1     1     1     1     1     1      1      1      1
192     1     1     1     1     1     1     1     1     1      1      1      1
193     1     1     1     0     1     1     1     0     1      1      1      1
194     0     0     0     0     0     1     0     0     0      0      0      1
195     0     0     0     0     1     0     0     1     1      0      0      0
196     1     1     1     1     1     1     1     1     1      1      1      1
197     1     1     1     1     1     1     1     1     1      1      1      1
198     1     1     1     1     1     1     1     1     1      1      1      1
199     1     1     1     1     0     1     1     1     1      1      1      1
200     1     0     1     0     0     1     0     0     0      0      0      1
201     1     1     1     1     1     1     1     1     1      1      1      1
202     0     1     1     1     1     1     1     1     1      1      1      1
203     1     1     1     0     1     1     1     1     0      1      1      1
204     1     1     0     1     1     1     1     1     1      1      1      1
205     0     0     0     1     0     1     0     1     0      0      1      1
206     0     0     0     0     1     1     0     1     1      1      1      1
207     1     1     1     1     0     1     0     1     0      0      1      1
208     1     1     1     1     1     1     1     1     1      0      0      0
209     1     1     1     1     1     1     1     1     1      1      1      1
210     1     1     1     1     1     1     1     1     1      1      1      1
211     0     0     0     1     0     0     0     1     1      0      0      0
212     0     1     1     1     1     1     0     1     0      0      0      1
213     1     1     1     1     1     1     1     1     1      1      1      1
214     0     1     1     1     1     1     1     1     1      1      1      1
215     1     1     0     0     1     1     0     0     1      0      0      0
216     1     1     1     1     1     1     1     1     1      1      1      1
217     0     0     0     0     0     0     0     1     0      0      0      0
218     1     1     0     1     1     1     1     1     1      1      1      1
219     1     1     1     0     1     0     1     0     1      1      0      1
220     1     1     0     1     0     1     0     1     0      1      1      1
221     0     0     0     1     0     1     1     1     0      0      1      1
222     1     1     1     0     0     1     1     1     1      1      1      1
223     1     1     1     1     1     1     1     1     1      1      1      1
224     0     0     0     0     0     0     0     0     1      0      0      0
225     1     1     1     1     1     1     1     1     1      1      1      1
226     0     0     0     1     0     1     0     1     0      0      1      1
227     0     0     0     0     0     0     0     0     0      0      0      0
228     0     0     0     0     0     1     0     0     0      0      0      1
229     1     1     1     1     1     1     1     0     1      0      1      1
230     1     1     1     0     1     1     1     1     1      0      0      1
231     0     0     0     0     0     0     0     0     0      0      0      0
232     1     1     1     1     0     1     1     1     1      1      1      1
233     0     0     0     0     0     1     0     0     1      0      0      1
234     0     1     0     1     0     1     1     1     0      1      1      1
235     1     1     0     0     0     1     0     0     1      0      0      1
236     1     1     1     1     0     1     1     1     0      1      0      0
237     1     1     1     1     0     1     1     0     1      0      0      1
238     1     1     0     1     1     1     1     1     1      1      1      1
239     0     0     0     1     0     0     0     0     0      1      1      1
240     1     1     0     0     0     1     0     1     1      0      0      1
241     1     1     1     1     1     1     0     1     1      1      1      0
242     1     1     1     0     0     1     1     0     1      0      0      1
243     1     1     1     1     0     1     0     1     0      1      1      1
244     0     0     0     0     0     1     0     1     1      0      0      1
245     1     1     1     1     1     1     1     1     0      1      1      1
246     0     0     0     0     0     0     0     1     0      0      0      0
247     1     1     0     1     1     1     0     1     1      0      1      1
248     1     1     1     1     1     1     1     1     1      1      1      1
249     0     0     0     0     0     1     0     1     0      0      0      0
250     0     0     0     0     0     1     0     1     1      0      0      0
251     0     0     0     1     0     0     0     1     0      0      0      0
252     1     1     1     0     1     1     0     1     0      0      0      1
253     0     0     0     1     0     0     0     1     0      0      0      0
254     1     1     1     1     1     1     1     1     1      0      1      1
255     1     0     0     0     0     0     0     0     1      0      0      0
256     1     1     0     1     1     1     1     1     1      1      1      1
257     1     1     1     1     1     1     1     1     1      1      1      1
258     1     1     1     1     1     1     1     1     1      1      1      0
259     1     1     1     1     0     1     0     1     0      0      1      1
260     1     0     0     0     1     1     1     1     1      1      1      1
261     0     0     0     0     0     1     0     0     1      0      0      0
262     0     0     0     1     1     1     1     1     1      1      1      1
263     0     0     0     0     0     1     0     0     1      0      0      1
264     0     0     0     0     0     1     0     0     0      0      0      1
265     0     0     0     0     0     0     0     1     1      0      0      0
266     1     1     1     1     1     1     1     1     1      1      1      1
267     1     1     1     1     1     1     1     1     1      1      1      1
268     1     1     1     1     0     1     0     1     1      0      0      0
269     1     1     1     0     0     1     0     1     1      0      1      1
270     1     1     1     1     1     1     1     1     1      0      1      0
271     0     0     0     0     1     1     0     1     1      0      0      0
272     1     1     0     1     0     0     0     1     1      1      1      1
273     1     1     1     1     1     1     1     1     1      1      1      1
274     1     1     0     1     1     1     0     1     0      1      0      0
275     1     1     1     1     1     1     1     1     1      1      1      1
276     1     1     0     0     1     1     1     0     0      0      0      1
277     1     1     1     1     1     1     0     1     1      1      1      1
278     1     1     1     1     1     1     1     1     1      1      1      1
279     1     1     1     1     1     1     1     1     1      1      1      1
280     1     1     1     1     1     1     1     1     1      1      1      1
281     1     1     1     1     1     1     1     1     1      1      1      1
282     1     1     1     1     1     1     1     1     1      1      1      1
283     0     0     0     1     0     1     1     1     1      1      1      1
284     1     1     1     1     1     1     1     1     1      1      1      1
285     0     1     1     0     0     0     1     1     1      1      1      0
286     1     0     1     1     0     0     0     1     0      0      0      0
287     0     1     1     1     1     1     1     0     0      1      1      1
288     1     1     0     1     1     1     1     1     1      1      1      1
289     1     1     0     1     1     1     0     1     0      0      1      1
290     1     1     1     1     0     1     0     1     1      1      1      1
291     0     0     0     0     0     0     0     0     0      0      0      0
292     1     1     1     0     1     1     0     0     0      0      0      0
293     0     0     0     1     1     1     1     0     0      0      0      1
294     0     0     0     0     0     1     0     0     1      0      0      1
295     1     1     1     1     1     1     0     1     1      1      1      1
296     0     0     0     1     0     1     0     1     0      0      0      0
297     0     0     0     0     0     0     0     1     0      1      0      0
298     0     0     0     0     0     1     1     1     1      0      1      0
299     0     1     0     1     0     1     0     0     0      0      0      0
300     1     1     1     1     1     1     1     1     1      1      1      0
301     1     1     1     1     1     1     1     1     1      1      1      1
302     1     1     1     1     1     1     1     1     1      1      1      1
303     1     1     1     1     0     1     1     1     1      0      1      1
304     1     1     1     0     1     1     1     1     0      0      0      0
305     1     1     1     1     1     1     1     1     0      1      1      1
306     1     1     1     0     1     1     0     0     1      1      0      1
307     1     1     0     0     1     1     0     0     0      0      0      1
308     1     0     0     0     0     1     0     1     1      0      0      1
309     0     0     0     0     1     0     0     1     1      0      0      0
310     0     0     0     0     0     1     0     1     1      0      0      1
311     1     1     1     0     1     1     1     1     1      0      0      1
312     0     0     0     0     1     0     0     0     1      0      0      0
313     1     1     1     1     0     1     0     1     1      0      1      1
314     0     1     0     0     1     0     0     1     1      0      0      1
315     1     1     1     1     0     1     1     1     1      1      0      1
316     1     1     1     0     0     1     0     1     1      0      0      1
317     0     0     0     0     0     1     0     1     1      0      0      1
318     1     1     1     1     1     1     1     1     0      0      0      1
319     1     1     1     1     1     1     1     1     1      0      1      1
320     0     0     0     0     1     1     0     0     1      0      0      1
321     1     1     1     0     1     1     0     1     0      0      0      1
322     1     1     1     1     1     1     0     1     1      0      1      1
323     1     1     1     1     1     1     1     1     1      1      1      1
324     1     1     1     1     0     1     0     1     0      0      1      1
325     1     1     1     1     1     1     0     1     1      1      1      1
326     0     0     0     0     0     1     0     0     1      0      0      1
327     0     0     0     1     0     0     0     1     0      0      0      0
328     1     1     1     1     1     1     0     1     1      0      1      1
329     1     1     1     0     1     1     0     0     0      0      0      1
330     1     0     1     0     1     1     0     1     1      0      0      1
331     0     1     0     0     1     1     0     1     1      0      0      1
332     1     1     1     0     0     1     1     1     0      0      0      1
333     0     0     0     0     0     1     0     1     1      0      0      1
334     0     0     0     0     0     0     0     0     1      0      0      0
335     1     1     1     1     1     1     0     1     0      0      1      1
336     1     1     1     0     0     1     0     1     1      0      0      0
337     0     0     0     0     1     1     0     1     1      0      0      0
338     0     0     0     0     0     1     0     1     1      0      0      1
339     1     1     1     1     0     1     0     1     0      1      1      1
340     1     1     1     1     1     1     1     1     1      1      1      1
341     1     1     1     1     1     1     1     1     1      1      1      1
342     0     0     0     0     0     0     0     0     1      0      0      0
343     0     0     0     0     1     0     0     1     1      0      0      0
344     1     1     0     1     1     1     1     1     0      1      1      1
345     0     0     0     0     1     0     0     1     1      0      0      0
346     1     1     1     1     1     1     1     1     1      0      1      1
347     0     1     1     0     1     1     1     1     0      0      1      0
348     1     1     1     0     1     1     1     1     0      0      0      0
349     1     0     1     1     0     1     0     1     0      0      0      1
350     1     1     1     1     1     1     1     1     1      0      1      1
351     1     1     1     0     1     1     1     1     1      1      1      1
352     0     0     0     0     0     1     0     1     1      0      0      1
353     0     0     0     0     1     0     0     1     1      0      0      0
354     1     1     1     1     1     1     1     1     1      1      1      1
355     1     1     1     0     0     1     0     1     0      0      0      1
356     1     1     1     1     1     1     1     1     1      0      1      1
357     1     1     0     0     1     1     1     1     1      0      0      1
358     1     1     1     1     1     1     1     1     1      1      1      1
359     1     1     1     1     1     1     1     1     1      0      1      1
360     1     1     1     0     1     1     1     1     0      0      0      1
361     0     1     1     1     1     1     1     1     1      1      1      1
362     1     1     1     1     1     1     0     1     1      1      0      1
363     1     1     1     1     1     1     1     1     1      0      1      1
364     0     0     0     0     1     1     0     1     1      0      0      1
365     1     1     0     1     0     1     1     1     1      0      1      1
366     1     1     1     0     1     1     0     1     0      0      0      1
367     0     0     0     0     0     1     0     0     1      0      0      1
368     1     1     1     1     1     1     1     1     1      1      1      1
369     1     1     1     1     1     1     1     1     1      1      1      1
370     1     1     1     1     1     1     1     1     1      1      1      1
371     1     0     1     0     0     1     0     1     1      0      0      1
372     0     0     0     0     1     1     0     0     1      0      0      1
373     0     1     1     0     0     1     0     1     1      0      0      0
374     1     1     1     1     1     1     0     1     1      1      1      1
375     1     1     1     0     1     1     1     1     1      1      1      1
376     1     1     1     1     1     1     0     1     1      1      0      1
377     0     0     0     0     1     1     0     0     1      0      0      1
378     1     1     1     0     1     1     0     0     1      0      1      1
379     1     1     1     0     1     1     0     1     1      0      0      1
380     1     0     0     0     0     1     0     1     1      0      0      0
381     1     1     1     0     0     1     0     0     0      0      0      1
382     0     1     1     0     1     1     0     1     1      0      0      1
383     1     1     1     1     1     1     1     1     1      0      1      1
384     1     1     1     1     1     1     1     1     1      1      0      1
385     1     1     1     1     1     1     0     1     0      0      1      1
386     1     1     1     0     1     1     0     0     1      1      0      1
387     0     0     0     0     1     1     0     0     1      0      0      1
388     1     1     1     0     1     1     0     1     0      0      0      1
389     1     1     1     1     1     1     1     1     1      1      1      1
390     0     0     0     0     1     1     0     1     1      0      0      1
391     0     1     1     0     1     1     0     1     0      0      0      1
392     0     0     0     0     0     1     0     0     0      0      0      1
393     0     0     0     0     1     1     0     0     0      0      0      1
394     1     1     1     1     1     1     1     1     1      1      1      1
395     0     0     0     0     1     0     0     1     1      0      0      0
396     1     1     1     1     1     1     1     1     1      1      1      1
397     0     0     0     0     1     0     0     1     1      0      0      0
398     1     1     1     0     1     1     0     1     1      0      0      1
399     0     0     0     0     0     0     0     1     0      0      0      0
400     0     1     1     1     0     1     1     1     1      1      1      1
401     1     1     1     0     0     1     1     1     0      0      0      0
402     1     1     1     1     1     1     0     1     1      1      1      0
403     1     1     1     1     1     1     1     1     0      0      1      1
404     0     0     0     1     0     1     0     1     1      0      0      1
405     1     1     1     1     1     1     0     1     1      1      1      1
406     0     0     0     1     0     0     0     1     0      0      0      0
407     0     0     0     0     0     1     0     1     1      0      0      1
408     0     0     0     1     0     0     0     1     0      0      0      0
409     1     1     1     1     1     1     1     1     0      0      1      1
410     1     1     1     0     1     1     1     1     1      1      0      1
411     1     0     1     0     1     1     0     0     1      0      0      1
412     0     0     0     0     0     1     0     1     1      0      0      1
413     1     1     1     0     1     1     1     1     1      1      1      1
414     0     0     0     0     0     0     0     0     0      0      0      1
415     0     0     0     0     1     0     0     0     1      0      0      0
416     0     0     0     0     0     1     0     1     1      0      0      1
417     0     0     0     0     1     1     0     0     0      0      1      1
418     0     0     0     1     0     1     0     1     1      0      0      0
419     1     1     1     0     1     1     0     1     1      0      0      1
420     0     0     0     1     1     1     0     1     1      0      1      0
421     0     0     0     0     1     0     0     0     1      0      0      0
422     1     1     1     1     0     1     0     0     1      0      1      1
423     0     0     0     0     1     0     0     1     0      0      0      0
424     0     0     0     0     1     1     0     1     1      0      0      1
425     0     0     0     0     1     1     0     1     1      0      0      1
426     0     0     0     1     0     0     0     1     0      0      0      0
427     0     1     0     0     1     1     0     0     1      0      0      0
428     1     1     1     1     1     1     0     1     1      1      1      1
429     1     1     1     1     1     1     1     1     1      1      1      1
430     0     0     0     1     0     1     0     1     1      0      0      1
431     1     1     1     1     1     1     1     1     1      1      1      1
432     1     1     1     1     0     1     1     1     1      1      1      1
433     1     1     1     1     0     1     1     1     1      1      1      1
434     1     1     1     1     1     1     0     1     1      1      1      1
435     0     0     0     0     0     0     0     1     1      0      0      0
436     0     0     0     1     0     0     0     1     0      0      0      0
437     0     0     0     0     0     1     0     1     1      0      0      1
438     1     1     1     0     0     1     1     1     1      0      0      1
439     1     0     1     1     1     1     1     1     1      1      1      1
440     1     1     0     1     1     1     1     1     1      1      1      1
441     0     0     0     0     1     0     0     1     1      0      0      0
442     0     0     0     1     0     0     0     1     0      0      0      0
443     1     1     1     1     0     1     1     1     1      0      1      1
444     1     1     1     0     1     1     1     1     1      0      0      1
445     1     1     1     1     1     1     1     1     1      0      1      1
446     0     0     0     1     0     0     0     1     0      0      0      0
447     1     1     1     1     1     1     0     1     1      1      1      1
448     1     1     1     0     0     1     1     1     1      0      0      1
449     1     1     1     1     0     1     0     1     0      1      1      1
450     0     0     0     0     0     1     0     0     1      0      1      1
451     0     0     0     0     0     1     0     1     1      0      0      1
452     0     0     0     0     0     1     1     1     0      0      0      1
453     1     1     1     1     0     1     1     1     1      1      1      1
454     0     0     0     1     0     0     0     1     0      0      0      0
455     0     0     0     0     1     0     0     1     1      0      0      0
456     1     1     1     1     1     1     1     1     1      1      1      1
457     0     1     1     1     1     1     0     1     0      0      0      1
458     1     1     1     1     1     1     1     1     1      0      1      1
459     1     1     1     1     1     1     1     1     0      1      1      1
460     1     1     1     0     1     1     1     1     0      0      0      1
461     1     1     1     0     1     1     1     1     1      0      0      1
462     0     0     0     0     1     1     0     0     1      0      0      1
463     1     0     0     1     1     1     0     1     1      0      0      1
464     0     1     1     1     1     1     1     1     1      0      1      1
465     1     1     1     0     1     1     1     0     1      0      0      1
466     1     1     1     1     1     1     0     1     1      1      1      1
467     0     1     0     0     0     1     0     1     1      0      0      1
468     1     1     1     1     1     1     1     1     1      1      1      1
469     1     1     1     0     1     1     1     0     0      0      0      1
470     1     1     1     1     1     1     1     1     1      1      0      1
471     1     1     1     0     1     1     1     1     1      0      0      1
472     1     1     1     1     1     1     1     1     1      1      1      1
473     1     1     1     0     1     1     0     0     1      1      1      1
474     1     1     1     0     1     1     0     0     1      1      1      1
475     0     0     0     0     0     0     0     1     0      0      0      0
476     1     1     1     1     1     1     1     1     1      1      1      1
477     1     1     1     0     1     1     1     1     0      0      0      1
478     1     1     0     1     1     1     1     1     1      1      0      1
479     0     1     1     0     1     1     0     0     1      0      0      1
480     1     1     1     0     1     1     0     1     1      1      0      1
481     1     1     1     1     1     1     1     1     1      0      1      1
482     0     0     0     1     0     1     0     1     1      0      0      1
483     1     1     1     1     0     1     0     1     1      0      0      1
484     1     1     1     0     1     1     0     1     1      0      0      1
485     1     1     1     0     1     1     0     1     1      0      0      1
486     0     0     0     1     0     1     0     1     0      0      1      1
487     1     1     0     1     1     1     0     1     1      1      1      1
488     0     0     0     0     1     1     0     1     1      0      0      1
489     1     1     1     1     1     1     0     1     1      1      1      1
490     0     1     0     0     1     1     0     1     1      0      0      1
491     0     0     0     1     0     0     0     1     0      0      0      0
492     1     1     1     0     1     1     1     1     1      1      0      1
493     0     0     0     0     0     0     0     0     1      0      0      0
494     1     1     1     1     1     1     1     1     1      1      1      1
495     0     0     0     1     0     1     0     0     0      0      0      0
496     1     1     1     1     1     1     0     1     0      1      1      1
497     0     0     0     1     0     0     0     0     1      0      0      0
498     0     0     0     0     1     0     0     0     0      0      0      0
499     0     0     0     1     0     0     0     0     0      0      0      0
500     0     0     0     0     0     1     0     1     1      0      0      1
501     1     1     1     0     1     1     0     1     1      0      0      1
502     0     0     0     0     0     1     0     1     1      0      1      1
503     0     0     0     0     1     0     0     0     0      0      0      0
504     0     0     0     0     1     1     0     0     0      0      0      1
505     0     0     0     1     0     0     0     0     0      0      0      1
506     0     0     0     1     0     0     0     0     0      0      0      0
507     0     0     0     0     0     0     0     1     1      0      0      1
508     0     0     0     0     0     1     0     0     1      0      0      1
509     0     0     0     1     0     0     0     0     0      0      0      0
510     0     0     0     0     1     0     0     0     0      0      1      0
511     0     0     0     0     1     1     0     1     1      0      0      1
512     0     0     0     0     1     1     0     0     1      0      0      1
513     1     1     1     1     1     1     1     1     0      1      1      1
514     0     0     0     0     0     1     0     1     1      0      0      1
515     0     0     0     0     0     1     0     1     0      0      0      1
516     0     0     0     0     1     1     0     1     0      0      0      1
517     0     0     0     0     1     1     0     1     0      0      0      0
518     1     1     1     1     0     1     0     1     1      0      1      1
519     0     0     0     1     0     0     0     0     0      0      0      0
520     1     1     1     1     1     1     1     1     1      1      1      1
521     0     0     0     0     0     0     0     0     0      0      1      1
522     0     0     0     0     0     1     0     0     0      0      0      0
523     0     0     0     0     0     0     0     0     0      0      0      0
524     0     0     0     1     0     0     0     1     0      0      0      0
525     0     0     0     0     0     0     0     0     0      0      1      0
526     0     0     0     0     0     1     0     0     0      0      0      0
527     1     1     1     1     0     1     0     1     1      0      0      1
528     1     1     1     1     0     1     0     1     1      0      0      1
529     0     0     0     0     0     0     0     0     0      0      0      0
530     0     0     0     0     0     0     0     0     0      0      0      0
531     0     0     0     0     0     0     0     1     0      0      1      0
532     0     0     0     0     0     0     0     0     0      0      0      0
533     1     1     1     1     1     1     1     1     0      1      1      1
534     0     0     0     0     0     0     0     0     0      0      0      0
535     1     1     1     1     0     1     1     1     1      1      1      1
536     1     1     1     1     1     1     0     1     0      0      0      1